ANOVA table: Phylogenetic ANOVA

Response: y
<<<<<<< HEAD
            Sum Sq  Mean Sq   F value Pr(>F)
x         25.39964 4.233273 21.029576 0.3876
Residual 214.58679 0.201301                 
=======
           Sum Sq  Mean Sq   F value Pr(>F)
x         33.0225 5.503749 27.382075 0.2867
Residual 254.0618 0.200998                 
>>>>>>> 728a5557e54d1c189bd9c65ba0aef396b513b827

P-value based on simulation.
---------

Pairwise posthoc test using method = "bonferroni"

Pairwise t-values:
<<<<<<< HEAD
                    Adhesive_roots Hooks_or_grapnels Prehensile_branches Prehensile_petioles Simple_scrambling  Tendrils   Twining
Adhesive_roots            0.000000         -0.240425            1.823253            6.644585          6.089922  8.180495  9.527300
Hooks_or_grapnels         0.240425          0.000000            1.026309            4.677595          2.216951  2.410665  2.580374
Prehensile_branches      -1.823253         -1.026309            0.000000            5.272220          2.397467  2.970929  3.420207
Prehensile_petioles      -6.644585         -4.677595           -5.272220            0.000000         -4.329652 -4.268358 -4.118422
Simple_scrambling        -6.089922         -2.216951           -2.397467            4.329652          0.000000  0.522548  1.140517
Tendrils                 -8.180495         -2.410665           -2.970929            4.268358         -0.522548  0.000000  0.863159
Twining                  -9.527300         -2.580374           -3.420207            4.118422         -1.140517 -0.863159  0.000000

Pairwise corrected P-values:
                    Adhesive_roots Hooks_or_grapnels Prehensile_branches Prehensile_petioles Simple_scrambling Tendrils Twining
Adhesive_roots              1.0000              1.00              1.0000              0.1155                 1        1       1
Hooks_or_grapnels           1.0000              1.00              1.0000              0.6300                 1        1       1
Prehensile_branches         1.0000              1.00              1.0000              0.9912                 1        1       1
Prehensile_petioles         0.1155              0.63              0.9912              1.0000                 1        1       1
Simple_scrambling           1.0000              1.00              1.0000              1.0000                 1        1       1
Tendrils                    1.0000              1.00              1.0000              1.0000                 1        1       1
Twining                     1.0000              1.00              1.0000              1.0000                 1        1       1
=======
                    Adhesive_roots Hooks_or_grapnels Prehensile_branches Prehensile_petioles
Adhesive_roots            0.000000         -0.424547            1.709929            5.222094
Hooks_or_grapnels         0.424547          0.000000            1.113622            3.464207
Prehensile_branches      -1.709929         -1.113622            0.000000            3.703573
Prehensile_petioles      -5.222094         -3.464207           -3.703573            0.000000
Simple_scrambling        -8.175056         -2.422817           -2.790594            2.455350
Tendrils                -10.411328         -2.750288           -3.595990            2.039508
Twining                 -11.587111         -2.758501           -3.681190            2.066875
                    Simple_scrambling  Tendrils   Twining
Adhesive_roots               8.175056 10.411328 11.587111
Hooks_or_grapnels            2.422817  2.750288  2.758501
Prehensile_branches          2.790594  3.595990  3.681190
Prehensile_petioles         -2.455350 -2.039508 -2.066875
Simple_scrambling            0.000000  1.469018  1.627949
Tendrils                    -1.469018  0.000000 -0.033129
Twining                     -1.627949  0.033129  0.000000

Pairwise corrected P-values:
                    Adhesive_roots Hooks_or_grapnels Prehensile_branches Prehensile_petioles
Adhesive_roots              1.0000                 1                   1              0.2562
Hooks_or_grapnels           1.0000                 1                   1              1.0000
Prehensile_branches         1.0000                 1                   1              1.0000
Prehensile_petioles         0.2562                 1                   1              1.0000
Simple_scrambling           0.4809                 1                   1              1.0000
Tendrils                    1.0000                 1                   1              1.0000
Twining                     0.6699                 1                   1              1.0000
                    Simple_scrambling Tendrils Twining
Adhesive_roots                 0.4809        1  0.6699
Hooks_or_grapnels              1.0000        1  1.0000
Prehensile_branches            1.0000        1  1.0000
Prehensile_petioles            1.0000        1  1.0000
Simple_scrambling              1.0000        1  1.0000
Tendrils                       1.0000        1  1.0000
Twining                        1.0000        1  1.0000
>>>>>>> 728a5557e54d1c189bd9c65ba0aef396b513b827
---------

